20.04
20.04
19.55
20.04
20.04
20.04
20.04
20.04
20.04
20.04
20.04
20.04
20.04
20.04
20.04
20.04
20.04
20.04
20.04
20.04
20.04
20.04
20.04
20.04
20.04
20.04
20.04
20.04
20.04
20.04
20.04
20.04
20.04
20.04
20.04
20.04
20.04
20.04
20.04
20.04
20.04
20.04
20.53
20.04
20.04
20.04
20.04
20.04
20.04
20.04
20.04
20.04
20.04
20.04
20.04
20.04
20.04
20.04
20.04
20.04
20.04
20.53
20.04
20.04
20.04
20.53
20.53
20.53
20.53
20.04
20.04
20.53
20.04
20.53
20.04
20.04
20.53
20.53
20.53
20.53
20.53
20.53
20.53
20.53
20.53
20.53
20.53
20.53
20.53
20.53
20.53
20.53
20.53
20.53
20.53
20.53
20.53
20.53
20.53
20.53
20.53
20.53
21.02
21.02
21.51
21.51
21.99
21.99
22.48
22.48
22.97
22.97
23.46
23.95
24.44
24.44
24.93
25.42
25.90
25.90
26.39
26.88
26.88
27.37
27.37
27.86
28.35
28.35
28.84
29.33
29.33
29.81
29.81
30.30
30.79
30.79
31.28
31.28
31.77
31.77
32.26
32.26
32.75
33.24
33.24
33.24
33.72
34.21
34.21
34.21
34.70
34.70
35.19
35.19
35.19
35.68
35.68
35.68
36.17
36.17
36.17
36.66
36.66
37.15
37.15
37.15
37.63
37.63
38.12
38.12
38.12
38.12
38.61
38.61
38.61
38.61
39.10
39.10
39.10
39.10
39.10
39.59
39.59
39.59
39.59
39.59
39.59
40.08
40.08
40.08
40.08
40.08
40.57
40.08
40.08
40.57
40.57
40.57
40.57
40.57
40.57
40.57
40.57
40.57
40.57
40.57
41.06
41.06
40.57
41.06
41.06
40.57
41.06
41.06
41.06
41.06
41.06
41.06
41.06
41.06
41.54
41.06
41.54
41.54
41.54
41.54
41.54
41.54
41.54
41.54
41.54
41.54
41.54
41.54
41.54
41.54
41.54
41.54
41.54
41.54
41.54
41.54
41.54
41.54
41.54
41.54
41.54
41.54
41.54
41.54
41.54
41.54
41.54
41.54
41.54
41.54
41.54
41.54
41.54
41.54
41.54
41.54
41.54
41.54
41.54
41.54
41.54
41.54
41.54
41.54
41.54
41.54
42.03
42.03
41.54
42.03
42.03
42.03
41.54
41.54
41.54
41.54

